v3.0 hex words addressed
000: 000820 000340 000010 000000 000000 000000 000000 000000
008: 000820 000340 800000 000010 000000 000000 000000 000000
010: 000820 000340 000860 080200 000010 000000 000000 000000
018: 000820 000340 000860 000a00 080200 000010 000000 000000
020: 000820 000340 000860 000a00 040400 000010 000000 000000
028: 000820 000340 000860 020200 000010 000000 000000 000000
030: 000820 000340 000860 000a40 020200 000010 000000 000000
038: 000820 000340 000860 000a00 010400 000010 000000 000000
040: 000820 000340 000860 020200 680000 000010 000000 000000
048: 000820 000340 000860 680000 000010 000000 000000 000000
050: 000820 000340 000860 020202 680002 000010 000000 000000
058: 000820 000340 000860 680000 000010 000000 000000 000000
060: 000820 000340 000860 084000 000010 000000 000000 000000
068: 000820 000340 000860 048000 000010 000000 000000 000000
070: 000820 000340 000860 081000 000010 000000 000000 000000
078: 000820 000340 000860 042000 000010 000000 000000 000000
080: 000820 000340 000860 024000 000010 000000 000000 000000
088: 000820 000340 000860 018000 000010 000000 000000 000000
090: 000820 000340 000860 021000 000010 000000 000000 000000
098: 000820 000340 000860 012000 000010 000000 000000 000000
0a0: 000820 000340 000860 000210 000010 000000 000000 000000
0a8: 000820 000340 000040 000010 000000 000000 000000 000000
0b0: 000820 000340 000860 000210 000010 000000 000000 000000
0b8: 000820 000340 000040 000010 000000 000000 000000 000000
0c0: 000820 000340 000860 000210 000010 000000 000000 000000
0c8: 000820 000340 000860 008200 000010 000000 000000 000000
0d0: 000820 000340 000860 002200 000010 000000 000000 000000
0d8: 000820 000340 000860 680004 000010 000000 000000 000000
0e0: 000820 000340 000860 680006 000010 000000 000000 000000
0e8: 000820 000340 000860 680008 000010 000000 000000 000000
0f0: 000820 000340 000860 68000a 000010 000000 000000 000000
0f8: 000820 000340 140000 000010 000000 000000 000000 000000
100: 000000 000000 000000 000000 000000 000000 000000 000000
108: 000000 000000 000000 000000 000000 000000 000000 000000
110: 000000 000000 000000 000000 000000 000000 000000 000000
118: 000000 000000 000000 000000 000000 000000 000000 000000
120: 000000 000000 000000 000000 000000 000000 000000 000000
128: 000000 000000 000000 000000 000000 000000 000000 000000
130: 000000 000000 000000 000000 000000 000000 000000 000000
138: 000000 000000 000000 000000 000000 000000 000000 000000
140: 000000 000000 000000 000000 000000 000000 000000 000000
148: 000000 000000 000000 000000 000000 000000 000000 000000
150: 000000 000000 000000 000000 000000 000000 000000 000000
158: 000000 000000 000000 000000 000000 000000 000000 000000
160: 000000 000000 000000 000000 000000 000000 000000 000000
168: 000000 000000 000000 000000 000000 000000 000000 000000
170: 000000 000000 000000 000000 000000 000000 000000 000000
178: 000000 000000 000000 000000 000000 000000 000000 000000
180: 000000 000000 000000 000000 000000 000000 000000 000000
188: 000000 000000 000000 000000 000000 000000 000000 000000
190: 000000 000000 000000 000000 000000 000000 000000 000000
198: 000000 000000 000000 000000 000000 000000 000000 000000
1a0: 000000 000000 000000 000000 000000 000000 000000 000000
1a8: 000000 000000 000000 000000 000000 000000 000000 000000
1b0: 000000 000000 000000 000000 000000 000000 000000 000000
1b8: 000000 000000 000000 000000 000000 000000 000000 000000
1c0: 000000 000000 000000 000000 000000 000000 000000 000000
1c8: 000000 000000 000000 000000 000000 000000 000000 000000
1d0: 000000 000000 000000 000000 000000 000000 000000 000000
1d8: 000000 000000 000000 000000 000000 000000 000000 000000
1e0: 000000 000000 000000 000000 000000 000000 000000 000000
1e8: 000000 000000 000000 000000 000000 000000 000000 000000
1f0: 000000 000000 000000 000000 000000 000000 000000 000000
1f8: 000000 000000 000000 000000 000000 000000 000000 000000
200: 000000 000000 000000 000000 000000 000000 000000 000000
208: 000000 000000 000000 000000 000000 000000 000000 000000
210: 000000 000000 000000 000000 000000 000000 000000 000000
218: 000000 000000 000000 000000 000000 000000 000000 000000
220: 000000 000000 000000 000000 000000 000000 000000 000000
228: 000000 000000 000000 000000 000000 000000 000000 000000
230: 000000 000000 000000 000000 000000 000000 000000 000000
238: 000000 000000 000000 000000 000000 000000 000000 000000
240: 000000 000000 000000 000000 000000 000000 000000 000000
248: 000000 000000 000000 000000 000000 000000 000000 000000
250: 000000 000000 000000 000000 000000 000000 000000 000000
258: 000000 000000 000000 000000 000000 000000 000000 000000
260: 000000 000000 000000 000000 000000 000000 000000 000000
268: 000000 000000 000000 000000 000000 000000 000000 000000
270: 000000 000000 000000 000000 000000 000000 000000 000000
278: 000000 000000 000000 000000 000000 000000 000000 000000
280: 000000 000000 000000 000000 000000 000000 000000 000000
288: 000000 000000 000000 000000 000000 000000 000000 000000
290: 000000 000000 000000 000000 000000 000000 000000 000000
298: 000000 000000 000000 000000 000000 000000 000000 000000
2a0: 000000 000000 000000 000000 000000 000000 000000 000000
2a8: 000000 000000 000000 000000 000000 000000 000000 000000
2b0: 000000 000000 000000 000000 000000 000000 000000 000000
2b8: 000000 000000 000000 000000 000000 000000 000000 000000
2c0: 000000 000000 000000 000000 000000 000000 000000 000000
2c8: 000000 000000 000000 000000 000000 000000 000000 000000
2d0: 000000 000000 000000 000000 000000 000000 000000 000000
2d8: 000000 000000 000000 000000 000000 000000 000000 000000
2e0: 000000 000000 000000 000000 000000 000000 000000 000000
2e8: 000000 000000 000000 000000 000000 000000 000000 000000
2f0: 000000 000000 000000 000000 000000 000000 000000 000000
2f8: 000000 000000 000000 000000 000000 000000 000000 000000
300: 000000 000000 000000 000000 000000 000000 000000 000000
308: 000000 000000 000000 000000 000000 000000 000000 000000
310: 000000 000000 000000 000000 000000 000000 000000 000000
318: 000000 000000 000000 000000 000000 000000 000000 000000
320: 000000 000000 000000 000000 000000 000000 000000 000000
328: 000000 000000 000000 000000 000000 000000 000000 000000
330: 000000 000000 000000 000000 000000 000000 000000 000000
338: 000000 000000 000000 000000 000000 000000 000000 000000
340: 000000 000000 000000 000000 000000 000000 000000 000000
348: 000000 000000 000000 000000 000000 000000 000000 000000
350: 000000 000000 000000 000000 000000 000000 000000 000000
358: 000000 000000 000000 000000 000000 000000 000000 000000
360: 000000 000000 000000 000000 000000 000000 000000 000000
368: 000000 000000 000000 000000 000000 000000 000000 000000
370: 000000 000000 000000 000000 000000 000000 000000 000000
378: 000000 000000 000000 000000 000000 000000 000000 000000
380: 000000 000000 000000 000000 000000 000000 000000 000000
388: 000000 000000 000000 000000 000000 000000 000000 000000
390: 000000 000000 000000 000000 000000 000000 000000 000000
398: 000000 000000 000000 000000 000000 000000 000000 000000
3a0: 000000 000000 000000 000000 000000 000000 000000 000000
3a8: 000000 000000 000000 000000 000000 000000 000000 000000
3b0: 000000 000000 000000 000000 000000 000000 000000 000000
3b8: 000000 000000 000000 000000 000000 000000 000000 000000
3c0: 000000 000000 000000 000000 000000 000000 000000 000000
3c8: 000000 000000 000000 000000 000000 000000 000000 000000
3d0: 000000 000000 000000 000000 000000 000000 000000 000000
3d8: 000000 000000 000000 000000 000000 000000 000000 000000
3e0: 000000 000000 000000 000000 000000 000000 000000 000000
3e8: 000000 000000 000000 000000 000000 000000 000000 000000
3f0: 000000 000000 000000 000000 000000 000000 000000 000000
3f8: 000000 000000 000000 000000 000000 000000 000000 000000
400: 000000 000000 000000 000000 000000 000000 000000 000000
408: 000000 000000 000000 000000 000000 000000 000000 000000
410: 000000 000000 000000 000000 000000 000000 000000 000000
418: 000000 000000 000000 000000 000000 000000 000000 000000
420: 000000 000000 000000 000000 000000 000000 000000 000000
428: 000000 000000 000000 000000 000000 000000 000000 000000
430: 000000 000000 000000 000000 000000 000000 000000 000000
438: 000000 000000 000000 000000 000000 000000 000000 000000
440: 000000 000000 000000 000000 000000 000000 000000 000000
448: 000000 000000 000000 000000 000000 000000 000000 000000
450: 000000 000000 000000 000000 000000 000000 000000 000000
458: 000000 000000 000000 000000 000000 000000 000000 000000
460: 000000 000000 000000 000000 000000 000000 000000 000000
468: 000000 000000 000000 000000 000000 000000 000000 000000
470: 000000 000000 000000 000000 000000 000000 000000 000000
478: 000000 000000 000000 000000 000000 000000 000000 000000
480: 000000 000000 000000 000000 000000 000000 000000 000000
488: 000000 000000 000000 000000 000000 000000 000000 000000
490: 000000 000000 000000 000000 000000 000000 000000 000000
498: 000000 000000 000000 000000 000000 000000 000000 000000
4a0: 000000 000000 000000 000000 000000 000000 000000 000000
4a8: 000000 000000 000000 000000 000000 000000 000000 000000
4b0: 000000 000000 000000 000000 000000 000000 000000 000000
4b8: 000000 000000 000000 000000 000000 000000 000000 000000
4c0: 000000 000000 000000 000000 000000 000000 000000 000000
4c8: 000000 000000 000000 000000 000000 000000 000000 000000
4d0: 000000 000000 000000 000000 000000 000000 000000 000000
4d8: 000000 000000 000000 000000 000000 000000 000000 000000
4e0: 000000 000000 000000 000000 000000 000000 000000 000000
4e8: 000000 000000 000000 000000 000000 000000 000000 000000
4f0: 000000 000000 000000 000000 000000 000000 000000 000000
4f8: 000000 000000 000000 000000 000000 000000 000000 000000
500: 000000 000000 000000 000000 000000 000000 000000 000000
508: 000000 000000 000000 000000 000000 000000 000000 000000
510: 000000 000000 000000 000000 000000 000000 000000 000000
518: 000000 000000 000000 000000 000000 000000 000000 000000
520: 000000 000000 000000 000000 000000 000000 000000 000000
528: 000000 000000 000000 000000 000000 000000 000000 000000
530: 000000 000000 000000 000000 000000 000000 000000 000000
538: 000000 000000 000000 000000 000000 000000 000000 000000
540: 000000 000000 000000 000000 000000 000000 000000 000000
548: 000000 000000 000000 000000 000000 000000 000000 000000
550: 000000 000000 000000 000000 000000 000000 000000 000000
558: 000000 000000 000000 000000 000000 000000 000000 000000
560: 000000 000000 000000 000000 000000 000000 000000 000000
568: 000000 000000 000000 000000 000000 000000 000000 000000
570: 000000 000000 000000 000000 000000 000000 000000 000000
578: 000000 000000 000000 000000 000000 000000 000000 000000
580: 000000 000000 000000 000000 000000 000000 000000 000000
588: 000000 000000 000000 000000 000000 000000 000000 000000
590: 000000 000000 000000 000000 000000 000000 000000 000000
598: 000000 000000 000000 000000 000000 000000 000000 000000
5a0: 000000 000000 000000 000000 000000 000000 000000 000000
5a8: 000000 000000 000000 000000 000000 000000 000000 000000
5b0: 000000 000000 000000 000000 000000 000000 000000 000000
5b8: 000000 000000 000000 000000 000000 000000 000000 000000
5c0: 000000 000000 000000 000000 000000 000000 000000 000000
5c8: 000000 000000 000000 000000 000000 000000 000000 000000
5d0: 000000 000000 000000 000000 000000 000000 000000 000000
5d8: 000000 000000 000000 000000 000000 000000 000000 000000
5e0: 000000 000000 000000 000000 000000 000000 000000 000000
5e8: 000000 000000 000000 000000 000000 000000 000000 000000
5f0: 000000 000000 000000 000000 000000 000000 000000 000000
5f8: 000000 000000 000000 000000 000000 000000 000000 000000
600: 000000 000000 000000 000000 000000 000000 000000 000000
608: 000000 000000 000000 000000 000000 000000 000000 000000
610: 000000 000000 000000 000000 000000 000000 000000 000000
618: 000000 000000 000000 000000 000000 000000 000000 000000
620: 000000 000000 000000 000000 000000 000000 000000 000000
628: 000000 000000 000000 000000 000000 000000 000000 000000
630: 000000 000000 000000 000000 000000 000000 000000 000000
638: 000000 000000 000000 000000 000000 000000 000000 000000
640: 000000 000000 000000 000000 000000 000000 000000 000000
648: 000000 000000 000000 000000 000000 000000 000000 000000
650: 000000 000000 000000 000000 000000 000000 000000 000000
658: 000000 000000 000000 000000 000000 000000 000000 000000
660: 000000 000000 000000 000000 000000 000000 000000 000000
668: 000000 000000 000000 000000 000000 000000 000000 000000
670: 000000 000000 000000 000000 000000 000000 000000 000000
678: 000000 000000 000000 000000 000000 000000 000000 000000
680: 000000 000000 000000 000000 000000 000000 000000 000000
688: 000000 000000 000000 000000 000000 000000 000000 000000
690: 000000 000000 000000 000000 000000 000000 000000 000000
698: 000000 000000 000000 000000 000000 000000 000000 000000
6a0: 000000 000000 000000 000000 000000 000000 000000 000000
6a8: 000000 000000 000000 000000 000000 000000 000000 000000
6b0: 000000 000000 000000 000000 000000 000000 000000 000000
6b8: 000000 000000 000000 000000 000000 000000 000000 000000
6c0: 000000 000000 000000 000000 000000 000000 000000 000000
6c8: 000000 000000 000000 000000 000000 000000 000000 000000
6d0: 000000 000000 000000 000000 000000 000000 000000 000000
6d8: 000000 000000 000000 000000 000000 000000 000000 000000
6e0: 000000 000000 000000 000000 000000 000000 000000 000000
6e8: 000000 000000 000000 000000 000000 000000 000000 000000
6f0: 000000 000000 000000 000000 000000 000000 000000 000000
6f8: 000000 000000 000000 000000 000000 000000 000000 000000
700: 000000 000000 000000 000000 000000 000000 000000 000000
708: 000000 000000 000000 000000 000000 000000 000000 000000
710: 000000 000000 000000 000000 000000 000000 000000 000000
718: 000000 000000 000000 000000 000000 000000 000000 000000
720: 000000 000000 000000 000000 000000 000000 000000 000000
728: 000000 000000 000000 000000 000000 000000 000000 000000
730: 000000 000000 000000 000000 000000 000000 000000 000000
738: 000000 000000 000000 000000 000000 000000 000000 000000
740: 000000 000000 000000 000000 000000 000000 000000 000000
748: 000000 000000 000000 000000 000000 000000 000000 000000
750: 000000 000000 000000 000000 000000 000000 000000 000000
758: 000000 000000 000000 000000 000000 000000 000000 000000
760: 000000 000000 000000 000000 000000 000000 000000 000000
768: 000000 000000 000000 000000 000000 000000 000000 000000
770: 000000 000000 000000 000000 000000 000000 000000 000000
778: 000000 000000 000000 000000 000000 000000 000000 000000
780: 000000 000000 000000 000000 000000 000000 000000 000000
788: 000000 000000 000000 000000 000000 000000 000000 000000
790: 000000 000000 000000 000000 000000 000000 000000 000000
798: 000000 000000 000000 000000 000000 000000 000000 000000
7a0: 000000 000000 000000 000000 000000 000000 000000 000000
7a8: 000000 000000 000000 000000 000000 000000 000000 000000
7b0: 000000 000000 000000 000000 000000 000000 000000 000000
7b8: 000000 000000 000000 000000 000000 000000 000000 000000
7c0: 000000 000000 000000 000000 000000 000000 000000 000000
7c8: 000000 000000 000000 000000 000000 000000 000000 000000
7d0: 000000 000000 000000 000000 000000 000000 000000 000000
7d8: 000000 000000 000000 000000 000000 000000 000000 000000
7e0: 000000 000000 000000 000000 000000 000000 000000 000000
7e8: 000000 000000 000000 000000 000000 000000 000000 000000
7f0: 000000 000000 000000 000000 000000 000000 000000 000000
7f8: 000000 000000 000000 000000 000000 000000 000000 000000
